testname,mem_mb,cpu_percent,disk_write_kb,cpu_usr_time,time
aws.m3.large_apply_DecisionTreeClassifier_i500000_f20,0.0,0.0,0.0,0.0,2016-09-10 14:51:59
aws.m3.large_apply_DecisionTreeClassifier_i500000_f20,21.0,0.0,0.0,0.14,2016-09-10 14:51:59
aws.m3.large_apply_DecisionTreeClassifier_i500000_f20,38.0,68.9,4.0,0.28,2016-09-10 14:52:00
aws.m3.large_apply_DecisionTreeClassifier_i500000_f20,38.0,0.0,4.0,0.28,2016-09-10 14:52:00
aws.m3.large_apply_DecisionTreeClassifier_i500000_f20,38.0,0.0,4.0,0.28,2016-09-10 14:52:00
aws.m3.large_apply_DecisionTreeClassifier_i500000_f20,38.0,0.0,4.0,0.28,2016-09-10 14:52:00
aws.m3.large_apply_DecisionTreeClassifier_i500000_f20,38.0,0.0,4.0,0.28,2016-09-10 14:52:01
aws.m3.large_apply_DecisionTreeClassifier_i500000_f20,38.0,0.0,4.0,0.28,2016-09-10 14:52:01
aws.m3.large_apply_DecisionTreeClassifier_i500000_f20,38.0,0.0,4.0,0.28,2016-09-10 14:52:01
aws.m3.large_apply_DecisionTreeClassifier_i500000_f20,38.0,0.0,4.0,0.28,2016-09-10 14:52:01
aws.m3.large_apply_DecisionTreeClassifier_i500000_f20,38.0,0.0,4.0,0.28,2016-09-10 14:52:02
aws.m3.large_apply_DecisionTreeClassifier_i500000_f20,38.0,0.0,4.0,0.28,2016-09-10 14:52:02
aws.m3.large_apply_DecisionTreeClassifier_i500000_f20,38.0,0.0,4.0,0.28,2016-09-10 14:52:02
aws.m3.large_apply_DecisionTreeClassifier_i500000_f20,38.0,0.0,4.0,0.28,2016-09-10 14:52:02
aws.m3.large_apply_DecisionTreeClassifier_i500000_f20,38.0,0.0,4.0,0.28,2016-09-10 14:52:03
aws.m3.large_apply_DecisionTreeClassifier_i500000_f20,38.0,0.0,4.0,0.28,2016-09-10 14:52:03
aws.m3.large_apply_DecisionTreeClassifier_i500000_f20,38.0,0.0,4.0,0.28,2016-09-10 14:52:03
aws.m3.large_apply_DecisionTreeClassifier_i500000_f20,38.0,0.0,4.0,0.28,2016-09-10 14:52:03
aws.m3.large_apply_DecisionTreeClassifier_i500000_f20,38.0,0.0,4.0,0.28,2016-09-10 14:52:04
aws.m3.large_apply_DecisionTreeClassifier_i500000_f20,38.0,0.0,4.0,0.28,2016-09-10 14:52:04
aws.m3.large_apply_DecisionTreeClassifier_i500000_f20,38.0,0.0,4.0,0.28,2016-09-10 14:52:04
aws.m3.large_apply_DecisionTreeClassifier_i500000_f20,38.0,0.0,4.0,0.28,2016-09-10 14:52:04
aws.m3.large_apply_DecisionTreeClassifier_i500000_f20,38.0,0.0,4.0,0.28,2016-09-10 14:52:05
aws.m3.large_apply_DecisionTreeClassifier_i500000_f20,38.0,0.0,4.0,0.28,2016-09-10 14:52:05
aws.m3.large_apply_DecisionTreeClassifier_i500000_f20,38.0,0.0,4.0,0.28,2016-09-10 14:52:05
aws.m3.large_apply_DecisionTreeClassifier_i500000_f20,38.0,0.0,4.0,0.28,2016-09-10 14:52:05
aws.m3.large_apply_DecisionTreeClassifier_i500000_f20,38.0,0.0,4.0,0.28,2016-09-10 14:52:06
aws.m3.large_apply_DecisionTreeClassifier_i500000_f20,38.0,0.0,4.0,0.28,2016-09-10 14:52:06
aws.m3.large_apply_DecisionTreeClassifier_i500000_f20,38.0,0.0,4.0,0.28,2016-09-10 14:52:06
aws.m3.large_apply_DecisionTreeClassifier_i500000_f20,38.0,0.0,4.0,0.28,2016-09-10 14:52:06
aws.m3.large_apply_DecisionTreeClassifier_i500000_f20,38.0,0.0,4.0,0.28,2016-09-10 14:52:07
aws.m3.large_apply_DecisionTreeClassifier_i500000_f20,38.0,0.0,4.0,0.28,2016-09-10 14:52:07
aws.m3.large_apply_DecisionTreeClassifier_i500000_f20,38.0,0.0,4.0,0.28,2016-09-10 14:52:07
aws.m3.large_apply_DecisionTreeClassifier_i500000_f20,38.0,0.0,4.0,0.28,2016-09-10 14:52:07
aws.m3.large_apply_DecisionTreeClassifier_i500000_f20,38.0,0.0,4.0,0.28,2016-09-10 14:52:08
aws.m3.large_apply_DecisionTreeClassifier_i500000_f20,38.0,0.0,4.0,0.28,2016-09-10 14:52:08
aws.m3.large_apply_DecisionTreeClassifier_i500000_f20,38.0,0.0,4.0,0.28,2016-09-10 14:52:08
aws.m3.large_apply_DecisionTreeClassifier_i500000_f20,38.0,0.0,4.0,0.28,2016-09-10 14:52:08
aws.m3.large_apply_DecisionTreeClassifier_i500000_f20,38.0,0.0,4.0,0.28,2016-09-10 14:52:09
aws.m3.large_apply_DecisionTreeClassifier_i500000_f20,38.0,0.0,4.0,0.28,2016-09-10 14:52:09
aws.m3.large_apply_DecisionTreeClassifier_i500000_f20,38.0,0.0,4.0,0.28,2016-09-10 14:52:09
aws.m3.large_apply_DecisionTreeClassifier_i500000_f20,38.0,0.0,4.0,0.28,2016-09-10 14:52:09
aws.m3.large_apply_DecisionTreeClassifier_i500000_f20,38.0,0.0,4.0,0.28,2016-09-10 14:52:10
aws.m3.large_apply_DecisionTreeClassifier_i500000_f20,38.0,0.0,4.0,0.28,2016-09-10 14:52:10
aws.m3.large_apply_DecisionTreeClassifier_i500000_f20,38.0,0.0,4.0,0.28,2016-09-10 14:52:10
aws.m3.large_apply_DecisionTreeClassifier_i500000_f20,38.0,0.0,4.0,0.28,2016-09-10 14:52:11
aws.m3.large_apply_DecisionTreeClassifier_i500000_f20,38.0,0.0,4.0,0.28,2016-09-10 14:52:11
aws.m3.large_apply_DecisionTreeClassifier_i500000_f20,38.0,0.0,4.0,0.28,2016-09-10 14:52:11
aws.m3.large_apply_DecisionTreeClassifier_i500000_f20,38.0,0.0,4.0,0.28,2016-09-10 14:52:11
aws.m3.large_apply_DecisionTreeClassifier_i500000_f20,38.0,0.0,4.0,0.28,2016-09-10 14:52:12
aws.m3.large_apply_DecisionTreeClassifier_i500000_f20,38.0,0.0,4.0,0.28,2016-09-10 14:52:12
aws.m3.large_apply_DecisionTreeClassifier_i500000_f20,38.0,0.0,4.0,0.28,2016-09-10 14:52:12
aws.m3.large_apply_DecisionTreeClassifier_i500000_f20,38.0,0.0,4.0,0.28,2016-09-10 14:52:12
aws.m3.large_apply_DecisionTreeClassifier_i500000_f20,38.0,0.0,4.0,0.28,2016-09-10 14:52:13
aws.m3.large_apply_DecisionTreeClassifier_i500000_f20,46.0,15.8,4.0,0.3,2016-09-10 14:52:13
aws.m3.large_apply_DecisionTreeClassifier_i500000_f20,61.0,101.6,4.0,0.52,2016-09-10 14:52:13
aws.m3.large_apply_DecisionTreeClassifier_i500000_f20,93.0,95.7,4.0,0.68,2016-09-10 14:52:13
aws.m3.large_apply_DecisionTreeClassifier_i500000_f20,117.0,98.7,4.0,0.83,2016-09-10 14:52:14
aws.m3.large_apply_DecisionTreeClassifier_i500000_f20,120.0,98.9,4.0,1.08,2016-09-10 14:52:14
aws.m3.large_apply_DecisionTreeClassifier_i500000_f20,122.0,102.1,4.0,1.35,2016-09-10 14:52:14
aws.m3.large_apply_DecisionTreeClassifier_i500000_f20,74.0,71.1,4.0,1.51,2016-09-10 14:52:14
aws.m3.large_apply_DecisionTreeClassifier_i500000_f20,74.0,0.0,4.0,1.51,2016-09-10 14:52:15
aws.m3.large_apply_DecisionTreeClassifier_i500000_f20,74.0,0.0,4.0,1.51,2016-09-10 14:52:15
aws.m3.large_apply_DecisionTreeClassifier_i500000_f20,74.0,0.0,4.0,1.51,2016-09-10 14:52:15
aws.m3.large_apply_DecisionTreeClassifier_i500000_f20,74.0,0.0,4.0,1.51,2016-09-10 14:52:15
aws.m3.large_apply_DecisionTreeClassifier_i500000_f20,74.0,0.0,4.0,1.51,2016-09-10 14:52:16
aws.m3.large_apply_DecisionTreeClassifier_i500000_f20,74.0,0.0,4.0,1.51,2016-09-10 14:52:16
aws.m3.large_apply_DecisionTreeClassifier_i500000_f20,74.0,0.0,8.0,1.51,2016-09-10 14:52:16
aws.m3.large_apply_DecisionTreeClassifier_i500000_f20,89.0,40.1,8.0,1.6,2016-09-10 14:52:16
aws.m3.large_apply_DecisionTreeClassifier_i500000_f20,99.0,99.7,8.0,1.81,2016-09-10 14:52:17
aws.m3.large_apply_DecisionTreeClassifier_i500000_f20,110.0,99.1,8.0,2.05,2016-09-10 14:52:17
aws.m3.large_apply_DecisionTreeClassifier_i500000_f20,112.0,102.7,8.0,2.3,2016-09-10 14:52:17
aws.m3.large_apply_DecisionTreeClassifier_i500000_f20,79.0,79.1,8.0,2.49,2016-09-10 14:52:17
aws.m3.large_apply_DecisionTreeClassifier_i500000_f20,79.0,0.0,8.0,2.49,2016-09-10 14:52:18
aws.m3.large_apply_DecisionTreeClassifier_i500000_f20,79.0,0.0,8.0,2.49,2016-09-10 14:52:18
aws.m3.large_apply_DecisionTreeClassifier_i500000_f20,79.0,0.0,8.0,2.49,2016-09-10 14:52:18
aws.m3.large_apply_DecisionTreeClassifier_i500000_f20,79.0,0.0,8.0,2.49,2016-09-10 14:52:18
aws.m3.large_apply_DecisionTreeClassifier_i500000_f20,79.0,0.0,8.0,2.49,2016-09-10 14:52:19
aws.m3.large_apply_DecisionTreeClassifier_i500000_f20,79.0,0.0,8.0,2.49,2016-09-10 14:52:19
aws.m3.large_apply_DecisionTreeClassifier_i500000_f20,79.0,0.0,8.0,2.49,2016-09-10 14:52:19
aws.m3.large_apply_DecisionTreeClassifier_i500000_f20,91.0,28.0,8.0,2.55,2016-09-10 14:52:19
aws.m3.large_apply_DecisionTreeClassifier_i500000_f20,120.0,103.2,8.0,2.77,2016-09-10 14:52:20
aws.m3.large_apply_DecisionTreeClassifier_i500000_f20,122.0,98.7,8.0,3.02,2016-09-10 14:52:20
aws.m3.large_apply_DecisionTreeClassifier_i500000_f20,125.0,95.1,8.0,3.26,2016-09-10 14:52:20
aws.m3.large_apply_DecisionTreeClassifier_i500000_f20,103.0,78.3,8.0,3.45,2016-09-10 14:52:20
aws.m3.large_apply_DecisionTreeClassifier_i500000_f20,103.0,0.0,8.0,3.45,2016-09-10 14:52:21
aws.m3.large_apply_DecisionTreeClassifier_i500000_f20,103.0,0.0,8.0,3.45,2016-09-10 14:52:21
aws.m3.large_apply_DecisionTreeClassifier_i500000_f20,103.0,0.0,12.0,3.45,2016-09-10 14:52:21
aws.m3.large_apply_DecisionTreeClassifier_i500000_f20,103.0,0.0,12.0,3.45,2016-09-10 14:52:21
aws.m3.large_apply_DecisionTreeClassifier_i500000_f20,103.0,0.0,12.0,3.45,2016-09-10 14:52:22
aws.m3.large_apply_DecisionTreeClassifier_i500000_f20,103.0,0.0,12.0,3.45,2016-09-10 14:52:22
aws.m3.large_apply_DecisionTreeClassifier_i500000_f20,103.0,0.0,12.0,3.45,2016-09-10 14:52:22
aws.m3.large_apply_DecisionTreeClassifier_i500000_f20,103.0,32.1,12.0,3.53,2016-09-10 14:52:22
aws.m3.large_apply_DecisionTreeClassifier_i500000_f20,123.0,98.3,12.0,3.76,2016-09-10 14:52:23
aws.m3.large_apply_DecisionTreeClassifier_i500000_f20,126.0,99.2,12.0,4.01,2016-09-10 14:52:23
aws.m3.large_apply_DecisionTreeClassifier_i500000_f20,128.0,103.0,12.0,4.26,2016-09-10 14:52:23
aws.m3.large_apply_DecisionTreeClassifier_i500000_f20,123.0,59.4,12.0,4.41,2016-09-10 14:52:23
aws.m3.large_apply_DecisionTreeClassifier_i500000_f20,123.0,0.0,12.0,4.41,2016-09-10 14:52:24
aws.m3.large_apply_DecisionTreeClassifier_i500000_f20,123.0,0.0,12.0,4.41,2016-09-10 14:52:24
aws.m3.large_apply_DecisionTreeClassifier_i500000_f20,123.0,0.0,12.0,4.41,2016-09-10 14:52:24
aws.m3.large_apply_DecisionTreeClassifier_i500000_f20,123.0,0.0,12.0,4.41,2016-09-10 14:52:24
aws.m3.large_apply_DecisionTreeClassifier_i500000_f20,123.0,0.0,12.0,4.41,2016-09-10 14:52:25
aws.m3.large_apply_DecisionTreeClassifier_i500000_f20,123.0,0.0,12.0,4.41,2016-09-10 14:52:25
aws.m3.large_apply_DecisionTreeClassifier_i500000_f20,123.0,0.0,12.0,4.41,2016-09-10 14:52:25
aws.m3.large_apply_DecisionTreeClassifier_i500000_f20,123.0,51.1,12.0,4.53,2016-09-10 14:52:26
aws.m3.large_apply_DecisionTreeClassifier_i500000_f20,124.0,98.7,12.0,4.78,2016-09-10 14:52:26
aws.m3.large_apply_DecisionTreeClassifier_i500000_f20,126.0,99.1,12.0,5.03,2016-09-10 14:52:26
aws.m3.large_apply_DecisionTreeClassifier_i500000_f20,129.0,99.1,16.0,5.28,2016-09-10 14:52:26
aws.m3.large_apply_DecisionTreeClassifier_i500000_f20,123.0,39.5,16.0,5.38,2016-09-10 14:52:27
aws.m3.large_apply_DecisionTreeClassifier_i500000_f20,123.0,0.0,16.0,5.38,2016-09-10 14:52:27
aws.m3.large_apply_DecisionTreeClassifier_i500000_f20,123.0,0.0,16.0,5.38,2016-09-10 14:52:27
aws.m3.large_apply_DecisionTreeClassifier_i500000_f20,123.0,0.0,16.0,5.38,2016-09-10 14:52:27
aws.m3.large_apply_DecisionTreeClassifier_i500000_f20,123.0,0.0,16.0,5.38,2016-09-10 14:52:28
aws.m3.large_apply_DecisionTreeClassifier_i500000_f20,123.0,0.0,16.0,5.38,2016-09-10 14:52:28
aws.m3.large_apply_DecisionTreeClassifier_i500000_f20,123.0,0.0,16.0,5.38,2016-09-10 14:52:28
aws.m3.large_apply_DecisionTreeClassifier_i500000_f20,123.0,0.0,16.0,5.38,2016-09-10 14:52:28
aws.m3.large_apply_DecisionTreeClassifier_i500000_f20,123.0,78.9,16.0,5.56,2016-09-10 14:52:29
aws.m3.large_apply_DecisionTreeClassifier_i500000_f20,125.0,94.7,16.0,5.81,2016-09-10 14:52:29
aws.m3.large_apply_DecisionTreeClassifier_i500000_f20,127.0,99.0,16.0,6.06,2016-09-10 14:52:29
aws.m3.large_apply_DecisionTreeClassifier_i500000_f20,129.0,103.0,16.0,6.31,2016-09-10 14:52:29
aws.m3.large_apply_DecisionTreeClassifier_i500000_f20,123.0,7.9,16.0,6.33,2016-09-10 14:52:30
aws.m3.large_apply_DecisionTreeClassifier_i500000_f20,123.0,0.0,16.0,6.33,2016-09-10 14:52:30
aws.m3.large_apply_DecisionTreeClassifier_i500000_f20,123.0,0.0,16.0,6.33,2016-09-10 14:52:30
aws.m3.large_apply_DecisionTreeClassifier_i500000_f20,123.0,0.0,16.0,6.33,2016-09-10 14:52:30
aws.m3.large_apply_DecisionTreeClassifier_i500000_f20,123.0,0.0,16.0,6.33,2016-09-10 14:52:31
aws.m3.large_apply_DecisionTreeClassifier_i500000_f20,123.0,0.0,16.0,6.33,2016-09-10 14:52:31
aws.m3.large_apply_DecisionTreeClassifier_i500000_f20,123.0,0.0,16.0,6.33,2016-09-10 14:52:31
aws.m3.large_apply_DecisionTreeClassifier_i500000_f20,123.0,4.0,20.0,6.33,2016-09-10 14:52:31
aws.m3.large_apply_DecisionTreeClassifier_i500000_f20,124.0,95.2,20.0,6.59,2016-09-10 14:52:32
aws.m3.large_apply_DecisionTreeClassifier_i500000_f20,126.0,100.2,20.0,6.84,2016-09-10 14:52:32
aws.m3.large_apply_DecisionTreeClassifier_i500000_f20,128.0,99.0,20.0,7.09,2016-09-10 14:52:32
aws.m3.large_apply_DecisionTreeClassifier_i500000_f20,124.0,75.5,20.0,7.28,2016-09-10 14:52:32
aws.m3.large_apply_DecisionTreeClassifier_i500000_f20,124.0,0.0,20.0,7.28,2016-09-10 14:52:33
aws.m3.large_apply_DecisionTreeClassifier_i500000_f20,124.0,0.0,20.0,7.28,2016-09-10 14:52:33
aws.m3.large_apply_DecisionTreeClassifier_i500000_f20,124.0,0.0,20.0,7.28,2016-09-10 14:52:33
aws.m3.large_apply_DecisionTreeClassifier_i500000_f20,124.0,0.0,20.0,7.28,2016-09-10 14:52:33
aws.m3.large_apply_DecisionTreeClassifier_i500000_f20,124.0,0.0,20.0,7.28,2016-09-10 14:52:34
aws.m3.large_apply_DecisionTreeClassifier_i500000_f20,124.0,0.0,20.0,7.28,2016-09-10 14:52:34
aws.m3.large_apply_DecisionTreeClassifier_i500000_f20,124.0,0.0,20.0,7.28,2016-09-10 14:52:34
aws.m3.large_apply_DecisionTreeClassifier_i500000_f20,124.0,39.9,20.0,7.37,2016-09-10 14:52:34
aws.m3.large_apply_DecisionTreeClassifier_i500000_f20,124.0,99.0,20.0,7.63,2016-09-10 14:52:35
aws.m3.large_apply_DecisionTreeClassifier_i500000_f20,127.0,99.2,20.0,7.88,2016-09-10 14:52:35
aws.m3.large_apply_DecisionTreeClassifier_i500000_f20,129.0,99.2,20.0,8.13,2016-09-10 14:52:35
aws.m3.large_apply_DecisionTreeClassifier_i500000_f20,107.0,47.5,24.0,8.24,2016-09-10 14:52:35
aws.m3.large_apply_DecisionTreeClassifier_i500000_f20,107.0,0.0,24.0,8.24,2016-09-10 14:52:36
aws.m3.large_apply_DecisionTreeClassifier_i500000_f20,107.0,0.0,24.0,8.24,2016-09-10 14:52:36
aws.m3.large_apply_DecisionTreeClassifier_i500000_f20,107.0,0.0,24.0,8.24,2016-09-10 14:52:36
aws.m3.large_apply_DecisionTreeClassifier_i500000_f20,107.0,0.0,24.0,8.24,2016-09-10 14:52:36
aws.m3.large_apply_DecisionTreeClassifier_i500000_f20,107.0,0.0,24.0,8.24,2016-09-10 14:52:37
aws.m3.large_apply_DecisionTreeClassifier_i500000_f20,107.0,0.0,24.0,8.24,2016-09-10 14:52:37
aws.m3.large_apply_DecisionTreeClassifier_i500000_f20,107.0,0.0,24.0,8.24,2016-09-10 14:52:37
aws.m3.large_apply_DecisionTreeClassifier_i500000_f20,107.0,52.0,24.0,8.37,2016-09-10 14:52:37
aws.m3.large_apply_DecisionTreeClassifier_i500000_f20,116.0,101.6,24.0,8.59,2016-09-10 14:52:38
aws.m3.large_apply_DecisionTreeClassifier_i500000_f20,118.0,87.0,24.0,8.81,2016-09-10 14:52:38
aws.m3.large_apply_DecisionTreeClassifier_i500000_f20,120.0,99.5,24.0,9.05,2016-09-10 14:52:38
aws.m3.large_apply_DecisionTreeClassifier_i500000_f20,115.0,63.0,24.0,9.2,2016-09-10 14:52:38
aws.m3.large_apply_DecisionTreeClassifier_i500000_f20,115.0,0.0,24.0,9.2,2016-09-10 14:52:39
aws.m3.large_apply_DecisionTreeClassifier_i500000_f20,115.0,0.0,24.0,9.2,2016-09-10 14:52:39
aws.m3.large_apply_DecisionTreeClassifier_i500000_f20,115.0,0.0,24.0,9.2,2016-09-10 14:52:39
aws.m3.large_apply_DecisionTreeClassifier_i500000_f20,115.0,0.0,24.0,9.2,2016-09-10 14:52:39
aws.m3.large_apply_DecisionTreeClassifier_i500000_f20,115.0,0.0,24.0,9.2,2016-09-10 14:52:40
aws.m3.large_apply_DecisionTreeClassifier_i500000_f20,115.0,0.0,24.0,9.2,2016-09-10 14:52:40
aws.m3.large_apply_DecisionTreeClassifier_i500000_f20,115.0,0.0,24.0,9.2,2016-09-10 14:52:40
aws.m3.large_apply_DecisionTreeClassifier_i500000_f20,115.0,51.9,24.0,9.33,2016-09-10 14:52:40
aws.m3.large_apply_DecisionTreeClassifier_i500000_f20,124.0,99.0,24.0,9.57,2016-09-10 14:52:41
aws.m3.large_apply_DecisionTreeClassifier_i500000_f20,127.0,95.2,24.0,9.81,2016-09-10 14:52:41
aws.m3.large_apply_DecisionTreeClassifier_i500000_f20,129.0,102.5,24.0,10.06,2016-09-10 14:52:41
aws.m3.large_apply_DecisionTreeClassifier_i500000_f20,124.0,39.6,24.0,10.16,2016-09-10 14:52:41
aws.m3.large_apply_DecisionTreeClassifier_i500000_f20,124.0,0.0,24.0,10.16,2016-09-10 14:52:42
aws.m3.large_apply_DecisionTreeClassifier_i500000_f20,124.0,0.0,24.0,10.16,2016-09-10 14:52:42
aws.m3.large_apply_DecisionTreeClassifier_i500000_f20,0.0,33.2,0.0,10.22,2016-09-10 14:52:42
aws.m3.large_apply_DecisionTreeClassifier_i500000_f20,0.0,0.0,0.0,0.0,2016-09-10 14:52:42
aws.m3.large_apply_DecisionTreeClassifier_i500000_f20,0.0,0.0,0.0,0.0,2016-09-10 14:52:43
aws.m3.large_apply_DecisionTreeClassifier_i500000_f20,0.0,0.0,0.0,0.0,2016-09-10 14:52:43
aws.m3.large_apply_DecisionTreeClassifier_i500000_f20,0.0,0.0,0.0,0.0,2016-09-10 14:52:43
aws.m3.large_apply_DecisionTreeClassifier_i500000_f20,0.0,0.0,0.0,0.0,2016-09-10 14:52:43
aws.m3.large_apply_DecisionTreeClassifier_i500000_f20,0.0,0.0,0.0,0.0,2016-09-10 14:52:44
aws.m3.large_apply_DecisionTreeClassifier_i500000_f20,0.0,0.0,0.0,0.0,2016-09-10 14:52:44
aws.m3.large_apply_DecisionTreeClassifier_i500000_f20,0.0,0.0,0.0,0.0,2016-09-10 14:52:44
aws.m3.large_apply_DecisionTreeClassifier_i500000_f20,0.0,0.0,0.0,0.0,2016-09-10 14:52:45
aws.m3.large_apply_DecisionTreeClassifier_i500000_f20,0.0,0.0,0.0,0.0,2016-09-10 14:52:45
aws.m3.large_apply_DecisionTreeClassifier_i500000_f20,0.0,0.0,0.0,0.0,2016-09-10 14:52:45
aws.m3.large_apply_DecisionTreeClassifier_i500000_f20,0.0,0.0,0.0,0.0,2016-09-10 14:52:45
aws.m3.large_apply_DecisionTreeClassifier_i500000_f20,0.0,0.0,0.0,0.0,2016-09-10 14:52:46
aws.m3.large_apply_DecisionTreeClassifier_i500000_f20,0.0,0.0,0.0,0.0,2016-09-10 14:52:46
aws.m3.large_apply_DecisionTreeClassifier_i500000_f20,0.0,0.0,0.0,0.0,2016-09-10 14:52:46
aws.m3.large_apply_DecisionTreeClassifier_i500000_f20,0.0,0.0,0.0,0.0,2016-09-10 14:52:46
aws.m3.large_apply_DecisionTreeClassifier_i500000_f20,0.0,0.0,0.0,0.0,2016-09-10 14:52:47
aws.m3.large_apply_DecisionTreeClassifier_i500000_f20,0.0,0.0,0.0,0.0,2016-09-10 14:52:47
aws.m3.large_apply_DecisionTreeClassifier_i500000_f20,0.0,0.0,0.0,0.0,2016-09-10 14:52:47
aws.m3.large_apply_DecisionTreeClassifier_i500000_f20,0.0,0.0,0.0,0.0,2016-09-10 14:52:47
aws.m3.large_apply_DecisionTreeClassifier_i500000_f20,0.0,0.0,0.0,0.0,2016-09-10 14:52:48
aws.m3.large_apply_DecisionTreeClassifier_i500000_f20,0.0,0.0,0.0,0.0,2016-09-10 14:52:48
aws.m3.large_apply_DecisionTreeClassifier_i500000_f20,0.0,0.0,0.0,0.0,2016-09-10 14:52:48
aws.m3.large_apply_DecisionTreeClassifier_i500000_f20,0.0,0.0,0.0,0.0,2016-09-10 14:52:48
aws.m3.large_apply_DecisionTreeClassifier_i500000_f20,0.0,0.0,0.0,0.0,2016-09-10 14:52:49
aws.m3.large_apply_DecisionTreeClassifier_i500000_f20,0.0,0.0,0.0,0.0,2016-09-10 14:52:49
aws.m3.large_apply_DecisionTreeClassifier_i500000_f20,0.0,0.0,0.0,0.0,2016-09-10 14:52:49
aws.m3.large_apply_DecisionTreeClassifier_i500000_f20,0.0,0.0,0.0,0.0,2016-09-10 14:52:49
aws.m3.large_apply_DecisionTreeClassifier_i500000_f20,0.0,0.0,0.0,0.0,2016-09-10 14:52:50
aws.m3.large_apply_DecisionTreeClassifier_i500000_f20,0.0,0.0,0.0,0.0,2016-09-10 14:52:50
aws.m3.large_apply_DecisionTreeClassifier_i500000_f20,0.0,0.0,0.0,0.0,2016-09-10 14:52:50
aws.m3.large_apply_DecisionTreeClassifier_i500000_f20,0.0,0.0,0.0,0.0,2016-09-10 14:52:50
aws.m3.large_apply_DecisionTreeClassifier_i500000_f20,0.0,0.0,0.0,0.0,2016-09-10 14:52:51
aws.m3.large_apply_DecisionTreeClassifier_i500000_f20,0.0,0.0,0.0,0.0,2016-09-10 14:52:51
aws.m3.large_apply_DecisionTreeClassifier_i500000_f20,0.0,0.0,0.0,0.0,2016-09-10 14:52:51
aws.m3.large_apply_DecisionTreeClassifier_i500000_f20,0.0,0.0,0.0,0.0,2016-09-10 14:52:51
aws.m3.large_apply_DecisionTreeClassifier_i500000_f20,0.0,0.0,0.0,0.0,2016-09-10 14:52:52
aws.m3.large_apply_DecisionTreeClassifier_i500000_f20,0.0,0.0,0.0,0.0,2016-09-10 14:52:52
aws.m3.large_apply_DecisionTreeClassifier_i500000_f20,0.0,0.0,0.0,0.0,2016-09-10 14:52:52
aws.m3.large_apply_DecisionTreeClassifier_i500000_f20,0.0,0.0,0.0,0.0,2016-09-10 14:52:52
aws.m3.large_apply_DecisionTreeClassifier_i500000_f20,0.0,0.0,0.0,0.0,2016-09-10 14:52:53
aws.m3.large_apply_DecisionTreeClassifier_i500000_f20,0.0,0.0,0.0,0.0,2016-09-10 14:52:53
aws.m3.large_apply_DecisionTreeClassifier_i500000_f20,0.0,0.0,0.0,0.0,2016-09-10 14:52:53
aws.m3.large_apply_DecisionTreeClassifier_i500000_f20,0.0,0.0,0.0,0.0,2016-09-10 14:52:53
aws.m3.large_apply_DecisionTreeClassifier_i500000_f20,0.0,0.0,0.0,0.0,2016-09-10 14:52:54
aws.m3.large_apply_DecisionTreeClassifier_i500000_f20,0.0,0.0,0.0,0.0,2016-09-10 14:52:54
aws.m3.large_apply_DecisionTreeClassifier_i500000_f20,0.0,0.0,0.0,0.0,2016-09-10 14:52:54
aws.m3.large_apply_DecisionTreeClassifier_i500000_f20,0.0,0.0,0.0,0.0,2016-09-10 14:52:54
aws.m3.large_apply_DecisionTreeClassifier_i500000_f20,0.0,0.0,0.0,0.0,2016-09-10 14:52:55
aws.m3.large_apply_DecisionTreeClassifier_i500000_f20,0.0,0.0,0.0,0.0,2016-09-10 14:52:55
